10 100 10000
3 223751794
79 61432526
10 546938459
70 48780766
85 775270985
91 122886026
32 538584225
89 788829212
15 911008704
2 374173375
0 8385 4697 6095 1326 1197 6773 7905 4871 4155 8673 1697 7870 5170 244 7399 3102 6685 9214 6105 4189 9329 6391 4825 1745 7177 183 3151 6613 4137 1863 5817 5671 5939 5508 5497 3883 5616 2380 414 2675 8588 9778 2905 2580 1210 3710 2584 387 9756 5449 8523 4099 1187 6960 3843 1985 3960 6460 7243 7816 5540 8296 9663 2612 5739 879 6632 542 2008 4281 8898 7862 8230 7576 8861 4636 9991 6737 6478 1178 8821 2596 7656 9508 3192 7494 6866 5021 1438 1293 879 8090 3209 9564 6955 9496 1083 5581 1478
7074 0 3280 5772 1672 1146 3471 8062 8953 6288 9622 9570 8307 6382 8035 3134 9985 3466 1254 2000 6697 1913 5996 791 9217 5985 3012 7666 5485 1921 8436 2430 5726 863 3551 6878 7321 7311 8475 8490 3 3128 4728 8939 7567 2361 9678 3271 6760 3683 2298 8624 5958 7900 2787 2656 8428 9559 6128 5214 5851 3453 7995 8773 8411 4020 7238 1592 3582 9085 1400 8453 4827 2992 2700 2272 9099 5460 7579 1722 478 3369 9024 6250 7699 1045 112 992 2517 7158 4174 3754 7490 7955 3124 1164 7715 5761 3961 22
7588 1937 0 2376 8517 4640 4887 9461 7648 6453 9826 3336 3780 1503 7393 1939 7563 255 6920 4340 7412 8495 9114 9456 5430 2915 3292 9463 8289 4969 4381 469 6759 4723 7818 9403 8874 8163 1405 9675 5429 8928 5694 2456 8194 1101 3097 6815 9901 9185 185 4194 7582 2628 7728 9917 5012 1512 5330 6916 4460 3557 8242 411 3378 9785 7602 6937 3218 382 5524 9644 1777 2031 6799 2800 7415 3824 7253 9713 6509 9768 1460 8775 6818 4195 4530 4855 4019 7215 4849 3919 2909 4488 7161 5825 9627 6512 1567 1134
3331 1607 5063 0 75 3977 2477 8647 9055 1417 3 6539 1785 2225 6711 3864 5399 3159 3557 9432 3576 3595 843 9767 4432 5898 1232 1579 5170 111 2500 2714 1743 5551 3663 2504 8075 339 7369 4483 6375 9156 8907 4405 7757 7233 7378 8646 5814 6827 8184 3214 6478 3719 5004 3463 8120 6784 6760 9619 1739 3224 6070 3866 8771 53 9580 379 2898 2307 9651 4045 4621 7592 9495 1577 5420 9626 5152 9567 9137 5138 8452 1646 3155 2839 4325 8818 9911 6725 276 8497 9113 1100 6147 8154 5454 743 1393 7998
4177 8113 61 2086 0 1187 1292 7094 1448 4270 4434 384 7985 3382 8385 7868 9961 2583 7851 974 450 7103 1227 5125 6115 9850 5056 9237 2239 8598 9756 877 2896 4364 9199 9847 1678 3264 2849 9871 4819 350 1162 2159 5396 23 934 5868 8308 9744 4046 1337 8338 3198 1902 9349 8757 6815 9831 2033 4740 525 3020 2122 32 6913 5629 455 5783 7820 4736 6515 6625 102 7780 6133 6550 3776 3698 7904 7308 1959 2496 1969 1363 869 7734 3004 1709 9029 6520 5518 5232 4846 878 2805 702 2900 780 8217
931 2155 3048 9016 1141 0 7359 4928 7034 6273 221 7974 1380 892 3529 8670 1831 3456 6793 1575 9095 438 645 5829 1972 2809 6936 4532 194 8000 7251 3167 3663 8765 6240 5037 5576 8437 5982 5777 4357 2030 4947 5253 4715 4331 198 5382 2140 5518 108 5267 3885 5716 6877 5697 2784 9112 1254 9822 3176 4434 9955 6312 2876 2843 4645 8297 3161 4675 6346 6420 2642 9893 2861 5350 5302 2528 4022 3797 4752 6406 8138 2640 3137 6534 4558 5721 5154 3832 2790 5295 1708 8268 6620 8565 6484 9697 4310 1443
1956 6192 9805 1777 5654 708 0 2428 5958 1118 2749 6698 4272 7589 4910 4429 2670 1707 6536 1827 3144 5407 4336 7620 7194 8764 1439 2856 6080 7302 2574 1890 6071 7646 9582 4724 6537 2945 3509 762 8787 354 5704 3968 7846 7976 1643 8311 5307 3144 2186 5163 9080 4207 5434 594 9113 2040 1723 6630 7677 7236 3603 4888 7324 5653 2682 9257 4584 4647 3352 7713 5926 7550 1049 4260 8691 5571 1970 4056 7887 5282 3480 5822 1989 7626 8276 7048 1037 7513 1521 2921 4955 6229 2491 2346 4552 7167 8133 5026
452 3802 5073 9819 2651 5344 1816 0 3677 1598 3585 3790 2947 2067 4393 8380 6395 9886 8643 1024 6390 71 7091 7033 5352 61 3236 1524 2171 5930 2026 7393 9438 34 4292 7305 7867 1470 7265 2273 1461 6542 2731 1598 9183 3672 7820 9423 929 5376 3683 7998 677 7254 1971 2392 2822 396 6938 5970 1928 9383 2824 6592 5242 70 2574 5106 2451 3693 4027 3083 9184 5217 2909 9641 374 8481 416 1453 805 2240 2227 2361 4298 1821 53 9733 6573 1342 6389 4419 1293 6472 855 8579 9848 8263 3434 3429
4799 3017 3595 6254 6621 7538 6348 36 0 3357 2861 2075 8322 7675 7187 2765 9767 1068 8702 2455 7250 7454 2520 3367 90 3555 6184 407 3590 7178 1962 5129 6229 4771 6070 7620 8558 9710 215 9760 9680 1791 3067 1945 9491 856 520 8733 450 6924 22 1106 7561 9183 905 4006 5936 1108 3106 7872 5834 8744 1467 6412 3968 4788 2277 5913 6559 9114 152 4180 79 6523 2010 2047 3577 8219 9727 9817 6543 5228 1998 9245 5059 939 7537 6166 8626 1353 7162 6353 4620 9521 50 4331 1135 7057 6902 1444
4982 8634 8688 1379 8397 778 1274 1569 5669 0 902 9013 689 1177 8601 2031 6988 1751 2884 706 1831 3092 414 6376 6451 9051 1943 4872 2097 4594 8311 7000 9643 6571 1436 3783 1515 8108 1429 3614 5204 9377 8239 9542 7771 5122 8494 5907 7684 2850 8042 872 2470 711 3398 6279 9350 7724 3661 3321 4731 970 8498 2213 7070 6701 2057 797 1664 8821 4028 9116 4473 7897 461 5216 257 879 1761 5316 7445 9872 6124 8476 4268 4587 1225 2194 4543 4670 2918 8837 6334 7976 6610 8237 9085 7418 5500 2312
3961 6173 7922 5418 9148 6813 1275 370 5797 9362 0 5755 7140 6575 899 1726 8507 5701 4665 7209 9381 3764 1165 1106 2769 3448 1656 2981 127 4754 2868 3679 7834 3351 4790 1694 6431 1517 7481 8230 4698 4766 789 6674 3863 1416 4623 1942 5052 1524 395 5784 4563 7744 5197 4124 3224 7084 9283 4758 8224 4555 3113 4752 8108 4455 6604 6984 8011 7121 138 3723 562 760 9933 2821 8804 3106 2582 1546 363 1004 3369 3209 2271 2987 7547 3485 1522 299 4201 1536 5318 8598 8994 3455 6844 8067 8848 5615
110 899 6246 7206 8707 7563 5890 5048 3082 1652 7720 0 5641 1450 402 1726 4192 7749 6848 323 8705 7733 3341 9426 1913 2557 5453 3092 7280 6431 7864 1632 7025 2483 7995 2339 6698 2025 2235 3871 8780 5010 3144 2394 4979 3234 3807 7768 8271 8962 3391 1552 7280 7049 134 4358 7336 7396 7727 8707 4288 8991 5437 4495 1065 4434 176 8066 239 8665 7097 7780 1854 4198 1343 8706 2281 4221 4373 4362 5982 4653 4955 6946 3671 1423 103 242 2755 2824 1265 416 8800 6145 4340 9013 1033 6758 5579 472
8521 7669 8063 4127 5042 2287 3484 9987 7378 8032 5241 6850 0 8564 1611 4364 7841 7054 4175 4690 4139 445 2692 1501 9703 7609 4006 6420 5973 6050 9226 5011 1910 3247 498 9243 7751 3815 6040 9194 5080 6710 3578 8130 2052 7255 723 5897 1392 5244 8058 8 3842 2866 7762 8718 1829 2962 7602 4557 1275 7436 5251 5622 1019 2123 134 4782 5531 7916 7831 2777 4483 7768 2371 9377 3653 1725 4841 4656 7626 308 9083 1908 2081 1476 575 5358 9328 756 8903 2247 3879 7593 1629 4048 3860 3178 8748 3811
1384 8128 2072 3303 9460 169 5915 9184 493 9358 8071 2781 3583 0 4408 5214 7014 7402 8258 7614 2983 5751 9780 6977 1835 1111 6895 2690 7998 7727 1065 6877 6100 5915 3530 6385 3862 8812 9461 6618 7472 5450 4705 7654 1641 2688 1892 5614 9397 3193 318 2665 1317 6259 2470 5485 7288 5749 777 2281 4311 7472 7697 5389 6566 9521 1760 3331 8014 2882 1977 5404 4340 5449 1352 1191 7491 3203 1480 9005 5464 1599 2435 8510 9519 5046 501 8885 9952 8346 3410 3558 1104 4087 3236 717 4585 9632 7474 7388
6666 9810 2966 7758 320 8547 2349 3840 2945 7305 6192 3419 9496 5073 0 5343 9299 4085 629 1651 8192 9437 5417 1021 4604 2547 9323 3381 2677 2465 3211 9448 9414 8282 3379 8266 9314 5312 6754 9878 492 3783 2925 1182 6669 3051 8274 8656 4786 8229 4281 463 9331 9219 1601 3881 9499 4411 3790 3197 9596 4243 9143 6561 4033 4759 1154 7693 4002 7016 6865 1561 3182 468 7680 1854 9942 1456 7231 6127 1674 219 4940 1848 6469 7694 670 8166 6579 7062 5672 3658 2916 3412 9785 8453 9420 1896 5833 2857
6148 5802 7167 3907 408 4950 4131 7142 6897 555 4991 3602 6545 8557 4663 0 6581 5529 553 1679 1005 8995 9255 8969 7789 3197 4206 9438 3493 9812 1942 5286 6130 8871 7209 2260 2393 8202 9521 6573 1802 965 3614 3776 2500 8425 5069 8458 8528 5759 4225 2312 5553 5173 401 2093 950 3080 1162 5462 1742 5486 3358 1553 7690 7595 4921 9837 8633 9532 2061 6569 9165 9322 5861 5462 5990 2360 4385 9784 8805 2204 2343 5046 9727 9437 6680 7390 4003 1002 3527 6388 4647 9513 9034 2608 5993 6281 6547 9324
8690 3282 2600 2312 80 1984 3713 8637 3448 1347 4276 3339 9668 5207 8895 8738 0 3003 6897 7029 6301 4891 732 495 4551 6854 1010 7961 3222 4914 3492 3119 3730 2243 8860 5922 2689 9146 3934 4009 3541 9843 3854 957 2267 5428 6872 9734 6742 6867 8862 6989 1007 1501 3219 3302 5896 2005 8036 3233 5049 4844 5318 9908 2131 4775 5227 698 8025 4062 9626 5579 9553 4971 302 9425 4837 5545 2581 7680 807 7137 4014 2853 7756 6383 3826 159 9855 2799 1423 6752 1672 3100 8004 8598 1443 826 670 9672
4168 7346 7874 3733 2521 397 6969 8902 6672 4565 849 1567 6575 7794 3063 2597 5863 0 5590 5874 10 3988 5232 7935 9415 5580 6606 5185 898 1055 6397 2257 1012 9825 9891 9797 7702 6733 480 7321 2520 4848 2882 5099 399 5655 5681 8611 422 1830 2331 4715 3655 2784 9560 8720 9066 9954 1108 8900 5552 109 3643 1748 8535 5781 3039 3034 5963 7960 9463 8688 8275 9082 9166 1226 530 5610 6994 7827 3474 3325 5347 2816 1191 1763 1955 1711 6369 6707 708 5007 6088 5312 7361 3722 5667 9451 3486 9657
2694 1117 2563 9743 1265 6104 4854 380 1158 2538 4766 6759 8403 9846 3903 7181 9061 6377 0 9655 5449 5752 8740 2992 4915 2858 4457 7871 8274 8523 8883 5012 2422 5309 915 2480 3211 3862 1811 3564 6977 5481 4539 1043 6531 4270 5227 5692 844 3395 5972 5518 6231 4433 8980 7340 9327 1244 8334 9568 4602 2672 6187 2180 4787 5355 9385 8376 1452 6104 8165 5439 2649 1257 299 5715 9177 9113 2249 6422 8519 639 3909 8707 6271 9623 4397 2906 2338 2191 1023 3475 7297 732 4324 6188 4332 1155 4745 4474
5038 687 3134 2228 8173 9205 8023 8030 4871 3517 6267 7751 7157 319 4072 8688 2472 679 8858 0 1650 9284 7790 5655 7208 6794 9712 4942 3789 8034 2587 9136 1580 3999 7093 5962 4323 7934 964 8176 593 7680 5384 2405 8343 5340 7501 1703 9338 753 8019 8197 2218 2528 6931 1014 6254 9689 6793 1391 5041 506 8773 5780 2915 3610 5060 2385 7916 4147 4465 5282 1498 1169 8708 6404 1757 4256 4337 5787 4029 4277 9365 7956 376 3739 2061 5415 7469 5479 1193 6788 7980 2195 9638 6710 9685 6404 5367 7120
4410 6342 8591 8610 8626 8159 4255 2031 2244 7925 4225 5019 5332 5598 3373 8482 473 7645 8323 4337 0 3602 3863 5531 4080 4300 6857 5722 3439 3172 4188 8236 8888 317 1801 7328 2242 1380 5640 6081 5884 4050 1388 2514 1594 1278 1196 237 8326 9755 6923 868 7503 6173 2984 8794 6941 1463 7190 4753 2604 7421 4757 1118 7397 9619 13 8047 8218 572 1771 2716 9029 2740 3039 8134 1672 3392 5209 1623 9641 2770 3688 9236 4948 1330 5697 5576 8192 3405 3395 1993 7826 6591 3684 9484 9385 2928 7551 3434
4260 5649 3961 95 507 7471 4555 1673 2687 4878 1075 84 5477 6159 2805 7605 5139 4934 9825 2492 9326 0 1910 782 9725 2304 2465 6194 1672 3744 3387 8971 1471 4748 9703 4617 9449 9474 4575 2283 5374 6706 2713 8307 2236 6435 4114 1005 5526 7454 2114 2660 3387 4948 5333 3414 6142 676 4035 7236 2154 5818 6853 9718 6483 3964 3914 5879 9102 4450 2299 6053 9167 9312 234 1692 9303 7453 8075 4802 3196 4044 3069 9427 6869 9332 690 1914 1946 4548 6871 3597 7578 244 9530 5616 9438 2775 3094 8639
4750 8160 8778 9222 3914 7729 2218 8436 7993 7485 3344 4660 8508 5354 3998 8416 1472 912 4456 63 1208 9676 0 9137 9526 6276 1713 853 2808 2226 1821 3727 9057 1996 103 781 577 2792 4311 2907 2244 508 1514 5667 7874 275 7665 4334 8299 526 3567 7328 2233 5167 898 8872 7923 3897 6381 6446 4059 9515 6402 935 5205 9470 8681 5517 7186 9462 9943 1594 9589 356 8140 6307 7059 8690 2885 5657 5201 42 7141 8630 8292 1401 2864 4961 4483 5502 3767 2118 3918 5787 2613 5650 255 7338 5379 9099
3340 561 2438 7714 6879 6228 9254 9177 4911 8574 5690 6671 1165 7348 9092 3567 8810 7486 9536 8621 2283 2729 380 0 5442 7661 1287 3450 5566 5962 5674 8012 5724 8757 9850 4562 9926 4261 5832 7635 5370 2053 8859 2885 7460 5831 331 7546 9222 8643 5316 5700 2283 9962 4685 3668 8445 2775 6602 3348 6485 3316 8575 8277 9117 1098 6579 8727 1186 3202 2061 6281 79 2243 7276 7574 2672 2632 148 1003 8675 4039 6662 7441 2120 7891 4599 4406 4414 1976 9936 1821 2438 3680 3692 8134 4816 3205 2333 316
8267 5196 3308 1393 2023 6927 1297 2500 4826 4233 154 3913 3933 964 9616 3578 9188 6207 2006 9917 5556 6913 5546 9212 0 1325 4811 2178 1221 1519 1908 7661 1821 7878 5577 9081 4837 7886 9509 1563 1756 5411 4722 1363 899 5126 8081 9330 4023 2596 5595 2673 1787 605 4491 4170 706 6501 3745 5822 8583 6296 340 5612 1137 8373 5070 3716 8700 6593 4072 3334 266 4307 627 1032 8711 5735 5878 8661 3004 6742 342 1613 5763 3413 4560 6766 5245 6911 2121 1419 7570 6075 8507 1139 6487 7936 121 3487
6603 2590 7482 4320 1208 8336 1086 3115 7797 5409 693 238 4819 8 4789 492 3764 1995 1631 7906 9552 1651 1942 7911 569 0 1955 2212 5926 6920 9192 4634 571 1441 9218 4910 3211 5809 6830 1360 8892 277 1189 1101 9609 8922 7254 3444 1243 2153 2431 4383 5932 2937 54 835 7611 5923 5179 2181 1557 2867 279 7778 7718 8899 8983 1668 1892 398 6650 4339 5173 7448 5126 3486 9042 3590 2813 2072 4100 6323 9244 2603 4226 8319 6675 8433 3659 7740 8187 8402 2730 4536 466 1969 6152 8570 6717 7304
7941 7377 6349 6597 3535 3305 6158 2994 8806 1275 4029 7462 8255 3861 662 9551 7662 1978 9235 9488 996 4974 4168 857 671 4604 0 3450 4779 531 9399 4002 4899 1130 9215 3158 8237 9839 7687 608 216 4865 5805 7246 4061 8774 4353 9734 3369 5849 4831 8479 6250 7469 7391 2182 4808 9409 8118 4345 1673 6691 3283 9819 446 2051 3908 8942 8347 8403 7151 8605 9587 4682 5039 2832 8060 624 2767 7692 8539 3402 5788 459 2551 7176 3531 2046 1024 4562 4427 4198 7864 9398 6630 3873 5706 4619 8 695
6079 5093 8259 7973 5425 3887 825 5358 9285 9605 7145 1742 6027 6987 6314 1448 5479 8303 3281 7523 6955 6794 2477 2593 5526 747 8256 0 1099 4299 7427 4048 844 8269 6284 2561 2818 6967 3443 5594 96 5158 8555 3614 4231 7615 9301 1239 1041 7080 2845 6281 2511 2818 7537 6858 5106 4798 6244 9642 1131 2910 9948 3003 5391 5177 1921 3075 9943 4627 6960 650 4669 4814 1215 1388 7089 5668 3830 6686 8844 9945 7116 2009 7866 5151 5783 9391 7920 5615 9500 6198 1404 3607 1609 628 5335 2612 8557 1834
5954 1844 8706 6091 5329 9999 7973 7419 8380 9024 3219 4754 8951 8059 2898 6457 2781 1287 1774 9416 2461 5014 3267 8142 1895 1929 9235 8018 0 2798 2939 38 2469 426 3305 2919 6160 5677 1486 1763 8162 2151 1648 5518 9395 8474 8543 8805 4838 666 279 1430 8698 5965 3605 5698 9166 7669 1364 7210 3775 4747 816 9349 1960 9469 9273 7313 3961 8072 4601 7501 3606 99 4917 4814 1456 7717 373 6199 7923 3877 5164 7261 5487 5623 726 3475 9205 9897 4546 9225 5996 3522 8945 7215 6174 1508 7841 8144
9890 3391 220 9218 6811 9854 4762 7336 8105 5249 4609 8315 5184 1439 5949 1854 6415 2797 2977 773 835 1581 3243 3858 6644 6534 3541 281 1289 0 5636 5346 4517 5201 591 3876 496 5433 3980 8244 4626 1948 5205 5499 4297 6083 32 5206 3807 11 3522 9506 1602 8845 9019 3484 5024 3078 3344 4139 1053 6779 4543 4789 8547 5286 5582 302 8467 5423 6092 3555 348 5567 5921 1532 7480 1537 9988 6606 2336 8101 9795 1341 556 8714 3146 3781 3180 1193 1953 3525 638 9537 1174 2207 6474 3840 2205 4736
596 1459 3688 9635 834 1997 7712 200 2 8253 2580 8282 4517 1285 3410 3945 7719 405 8757 9650 3426 9466 382 3036 8770 3658 7597 7482 3896 7219 0 5283 1820 5094 2935 6489 1585 433 5828 9630 9944 1824 4710 8936 2113 5573 3480 3897 1512 5363 227 4983 1420 3598 2762 7021 627 8136 1328 1277 4858 4268 9079 5922 9824 5493 5400 424 6129 6874 8442 3586 3383 9045 7786 7878 5702 4149 5301 8515 6221 82 9474 2832 2753 8752 5318 6516 7314 8048 8072 5180 9697 7145 4176 3751 1337 7552 6161 8532
949 7294 671 9502 1884 448 9834 6216 325 7330 4752 50 7794 6820 3654 2029 9450 8443 744 7754 6537 21 5449 3862 9002 4594 6006 1250 7775 4992 8689 0 9689 7632 9979 795 5988 5269 4004 1984 9996 6440 7196 66 7447 6469 2218 3452 6430 980 7122 3303 4212 4014 5457 45 3400 8328 6696 9646 8029 4560 3189 616 2204 9401 454 7037 9771 2426 9364 4786 8929 3847 6630 5618 3680 4211 9549 8971 4591 6247 6942 7471 4412 291 1037 3207 8696 7283 9731 4848 3965 3867 1954 1695 1086 7968 8869 2803
3020 8050 2727 512 1867 8330 5984 7555 532 9155 8357 4219 3350 1561 5120 5410 1589 7736 2015 331 3300 4014 2132 4412 3897 2890 4820 776 6642 2102 4593 1121 0 410 5148 1365 5367 9064 8203 6002 9494 840 5264 2127 1127 6462 1902 3268 9981 1021 8360 2378 9491 9870 4563 5354 1937 8790 7770 873 8185 870 8469 9863 7658 6175 3429 3066 2079 3303 1083 9800 1755 2198 9051 2377 7637 2148 4068 5749 5943 8782 3172 2520 5013 2903 7555 4457 9264 6299 596 8424 5896 9985 8930 5956 6992 9312 2115 1828
1463 2903 4413 2088 8145 4613 8784 4917 4166 4617 7811 6278 1760 8386 3351 4283 7055 9640 1423 4320 8340 997 5924 3923 1886 2907 8847 745 3663 1566 6226 7020 1380 0 7191 567 9758 3961 6471 1752 9474 862 1843 6988 3708 3036 5330 4567 832 779 2495 2230 6928 6539 5130 1240 9281 4311 7278 3655 2766 319 6675 2553 9806 7032 9607 5631 8330 5173 1445 7056 2413 6476 9877 6019 8416 4041 6524 1669 2894 717 7895 5546 9918 848 7476 230 436 2218 3887 5343 5869 431 3545 4503 1114 3447 8332 4870
9467 5576 3164 2064 6339 6054 1372 667 9708 1591 9011 6525 4355 9415 8701 4581 6202 2632 4059 560 9036 3707 6169 187 3140 560 2131 3530 7641 2083 7530 6374 1087 2234 0 1993 7037 3098 6742 7148 8122 8776 8075 7162 4291 8789 3338 2170 5698 9932 3906 7097 8705 9578 966 4365 1448 444 8936 5838 5900 454 8343 2902 3289 7456 63 4276 2701 740 9716 4881 6802 5925 3370 3332 4962 3129 4299 7015 7365 8742 4479 5190 7167 6434 9894 7784 4197 6228 4541 9635 4103 6451 5778 3367 6432 3539 5784 9007
8698 4475 1757 240 3050 1968 4479 1419 2546 9024 2744 2851 1063 9615 7580 2659 4153 8313 2847 3032 9748 4530 9382 4868 8482 5338 1014 5888 2480 5432 6632 4447 1092 7280 5079 0 154 7660 9696 4011 2261 5871 6462 1944 7534 8828 2330 4141 1172 9936 5683 4038 1219 8638 8998 7758 7747 2993 8162 4233 5196 6725 8000 9997 3474 9944 9198 8007 6862 9159 1877 4393 8387 4188 6051 7943 9792 5059 4319 7035 1616 5945 6454 320 2717 6932 2970 9628 3075 2287 824 9798 4742 8919 8289 6761 1237 7437 8324 4866
6279 5447 6064 613 2178 6462 8640 622 8242 2546 4572 2553 2413 7925 6869 9784 8532 2625 3657 2185 9752 8342 689 1625 1786 2148 3129 4678 4112 3707 8015 5517 7425 4249 2097 7204 0 4938 4506 8794 7420 2904 9034 4418 1249 5244 5404 9670 4993 5476 6758 9201 4950 4975 6809 4117 1983 5162 1948 9063 628 7604 1421 7635 1505 3623 4275 6684 5344 946 3209 4318 3508 3917 6614 3092 4264 6978 7764 9829 9329 6621 8717 9923 675 3432 1890 582 235 1660 4298 3000 1572 3176 4610 405 7865 6136 1812 8981
8216 573 5729 8605 5726 9579 791 8389 226 4177 2980 3971 1541 4147 1680 5196 4829 9430 4708 7907 6905 5147 8614 5204 4224 3523 8248 2007 1710 2936 7011 1820 9103 2854 1275 6475 1699 0 332 3386 5444 3461 6001 3815 615 5225 6436 8191 9112 4834 9664 9300 8585 3403 9906 4473 1421 9391 4498 7336 7073 7940 1449 5329 3526 9798 7199 8975 8687 4606 4356 4316 8800 4773 2407 8085 1980 4539 5785 1868 2314 6578 5313 2889 7611 1369 5050 1718 9329 8475 997 197 8769 4567 5059 9261 1316 3215 7194 5534
8529 6216 4021 4315 3040 7118 4276 5303 5054 9492 6350 249 5434 4216 4952 1486 9508 8715 5885 2387 1035 7923 8837 469 9048 4188 3640 8090 7519 9639 6820 3333 7023 7396 9990 7070 8267 1985 0 6873 576 7518 4970 5872 1661 5427 599 5434 1323 6102 5845 6792 679 3 3018 9739 6525 5182 1978 7492 2547 7268 1428 4697 6066 1040 7667 9344 6991 2983 3742 3967 3385 9766 8314 1166 7353 5874 9580 3368 6042 6246 4923 7132 7136 1244 5126 5634 5858 443 9367 1609 7610 2661 9873 6170 5917 9359 851 9255
6541 5763 1988 2309 8539 5506 5627 4316 9728 3455 3945 7936 1562 3270 8689 4746 8452 1596 2689 5581 2587 6917 1946 9560 9303 9659 289 1209 2783 5012 6149 5589 87 4960 3990 3803 4496 1322 9040 0 3658 28 8795 7484 826 8978 8380 6771 8618 7590 4482 2953 7072 8538 6704 3523 2223 7344 6180 3733 5052 9404 6313 3999 8228 7960 7156 5240 9875 5755 5720 2903 5076 5424 5414 8126 5900 691 6660 3285 2373 7565 8595 7484 192 1446 6710 5893 6231 2804 7762 6191 5352 3491 9598 2347 5002 3454 1910 2086
5458 9109 4952 2718 764 6791 6757 2536 7742 4783 8668 5627 3059 4159 3462 66 9005 7533 4727 5416 3192 6432 564 5063 9262 7067 4570 8020 3635 2047 5627 5103 7670 7025 3497 9952 4481 2047 2078 7092 0 2359 2908 702 2630 8950 1538 9064 5897 585 6949 8506 7044 9848 6248 7313 717 5784 3147 4514 852 7454 7722 7842 4494 6414 6406 9429 442 2587 6428 535 6377 7361 5557 6644 4384 3465 5100 7695 3567 7555 4374 1952 6702 3904 6939 3906 7646 2692 591 3015 7196 5861 8538 7553 8196 8846 1631 9399
436 4837 7884 4971 4397 4443 7799 6686 6689 5458 6208 7543 9043 8914 2812 2839 283 3530 2277 7643 4832 7151 7247 1064 5847 5821 7597 5537 1963 5839 8054 5579 6561 338 3252 8312 3450 4908 4772 4202 280 0 9108 4321 3408 3588 1049 5386 102 5985 5732 8779 6610 6520 9825 3377 1768 1955 9888 2353 6786 6132 290 5698 8195 4345 8790 4102 4931 6128 5050 9890 6732 3609 516 6392 313 4695 7785 3379 6043 8376 6157 5827 2476 7472 9907 1097 679 5494 3429 1046 6495 4410 2471 3324 5389 6805 4379 6569
177 6602 1242 5616 2607 3816 8518 5862 9191 5519 7779 7964 5632 6979 7791 9623 9678 83 3572 1543 7568 5667 9924 8338 7155 7772 8150 3964 4587 5297 9462 8092 5600 5241 3320 438 7012 2707 6696 705 941 1074 0 2426 860 8091 588 8416 9942 2630 6542 1830 2181 5154 3646 6063 8850 7052 123 8703 3878 3300 3016 575 8657 1167 7408 1031 334 7676 6050 487 6735 7986 4746 3833 5044 8760 813 6602 2952 9561 6555 6086 935 4916 2532 6138 2206 8611 3786 8922 7403 330 5386 8159 2042 2126 6460 2102
7368 5606 6277 9032 4521 917 3320 6489 8831 5754 7600 2960 1480 7327 8617 8959 1546 2928 5091 5394 6475 3544 7300 743 2646 6935 993 3010 9627 2321 6584 5119 7269 82 2109 7513 73 1372 3318 4279 9967 1370 5226 0 3023 6603 7821 5203 4676 1162 3680 4765 8818 7528 941 1829 5356 4722 7739 882 5768 5904 8647 8985 1872 5784 4766 628 5433 6760 4150 7399 5629 7316 6883 1201 1977 4600 6100 3920 2277 2727 3398 8778 5436 7068 4334 6464 2467 195 3831 1025 5323 6687 1099 3738 9589 9060 775 9162
1061 793 2111 1503 8979 6008 4585 6069 6379 6025 3825 3401 9411 9906 2820 1684 5951 8272 7052 6775 4905 2596 8598 363 744 9669 6026 6615 9652 4392 1550 7301 1519 6600 782 2165 222 8363 6101 5999 5159 8980 2594 8525 0 6827 7937 7865 921 2405 2187 5501 7979 786 2435 8415 5057 9769 204 4422 6576 3260 7537 1262 2627 4554 3328 5195 6059 5268 2223 9078 2427 7415 4209 4155 3430 7323 1624 5089 4800 9147 929 786 1018 1936 6624 3176 3163 6065 1090 2797 2769 7777 9455 3029 707 9557 1664 8417
9994 8679 1563 8091 697 3765 545 2519 3911 7139 5397 3697 2744 281 6259 640 1299 2938 3695 7708 7447 4808 600 8930 8886 6995 1064 3810 6331 5839 8425 5194 7422 9397 9159 6293 7043 452 9780 8066 6029 5195 2599 743 6859 0 2942 3109 6981 518 169 2139 3666 1 230 7837 7472 7150 4322 7979 202 8742 4618 4216 534 7951 6639 7389 77 1148 8513 1487 1959 610 6150 5784 4980 5035 7446 4213 6898 1101 3883 7873 9267 5131 7584 8727 2261 1656 652 3251 6136 5212 7560 3568 2886 9413 7870 4387
6580 273 495 4351 8063 4515 6859 5723 8735 4263 2436 6066 178 7952 1179 2862 8801 2369 6882 6161 9267 6083 9529 5529 9001 7378 1092 9001 6014 8670 4388 2413 6706 4876 491 4631 1770 9561 4173 6809 6197 814 8915 3553 3779 4337 0 4515 7912 8498 9928 5963 9980 9954 1406 2212 3338 2525 7578 8717 6739 3050 566 717 6309 6148 457 2666 7350 2957 168 7564 6918 3531 9810 3566 2385 1897 407 378 9358 289 2385 3367 7863 6723 4255 3015 7593 1634 7798 9042 7145 6117 480 5549 3992 709 4113 9095
4669 7195 2145 1238 7795 9138 7138 8516 3276 1975 9984 78 5352 20 1644 1195 173 1932 8899 9474 4930 5626 6200 6765 776 9574 8530 8932 210 7503 9169 1869 5414 3153 2014 6942 7507 4934 5329 2043 4650 1407 3940 6680 1120 2672 264 0 8605 9247 1147 1058 3153 5288 4879 6665 4079 5193 5005 6063 8043 712 6099 8771 8114 4646 6092 3741 2875 1173 8942 6547 6165 299 9794 5301 1132 1554 8407 9996 5684 1785 9796 7723 8943 9608 6780 6084 6249 6363 3652 3551 5929 3585 7244 1654 3587 6566 4724 7175
2627 441 8344 4002 488 2260 6887 4901 2152 3291 5014 4222 2677 7856 1927 617 4518 9783 4014 7837 7893 5694 2649 6535 476 9261 8898 8526 7223 7754 5956 2519 3971 9348 6998 9468 1510 1920 7622 4087 2156 5361 6957 4982 6565 2850 5339 8493 0 1358 8822 8884 595 7767 7156 7090 4519 5448 2768 9390 4199 9503 3575 4618 8814 2973 3692 5046 3112 7211 466 9793 1652 1532 6299 2722 5264 1124 6791 2904 712 6226 4219 1468 8519 8632 6656 6111 4346 1369 8240 5712 4449 8310 3557 2682 5572 8263 8762 3853
3429 4006 9639 9870 7389 2653 7888 2423 9884 628 5597 4308 7154 9527 7205 4651 6093 1812 7398 8180 7406 5593 6511 2072 715 5035 6917 2474 4993 3539 8239 7093 1276 2331 9104 4301 8164 4321 1800 6086 1780 6657 3399 5013 6530 8757 9351 9602 3223 0 1737 8523 7606 2854 7624 6624 1061 5384 9675 8196 4512 3576 6022 8629 9958 8792 941 3957 4830 9945 2658 1518 7397 6273 1383 4907 8766 6316 2863 1394 2256 468 4353 7477 7743 4921 2665 3450 9490 677 3740 8176 7757 5007 7516 7573 5723 9746 1598 1877
1576 3552 9927 8223 7482 518 278 6574 5013 1981 1500 2390 8749 656 1789 8930 2616 988 3050 7121 2489 4343 3220 8331 882 3758 5097 3952 9768 4567 4968 3629 5012 8310 1545 2780 4760 7128 2779 7979 252 4648 9557 6465 7214 2405 3952 6995 8879 805 0 397 8658 8110 2704 1870 3027 40 1873 736 1006 8264 7383 9688 1535 9129 7482 7961 2288 1708 8882 4854 8982 7888 901 7278 4066 4754 4147 3945 3726 1846 8782 4407 5302 9185 2640 4980 2233 9779 1013 1788 2494 8340 2780 347 8747 2344 8315 5481
3882 6055 5556 5736 4418 1093 2265 5478 3195 3590 9514 1268 3255 2639 7826 9098 7122 7070 1287 3466 6577 4837 2283 1060 1057 8969 5826 4103 7593 8828 4976 8497 2795 5767 7032 3655 4236 1962 6567 8436 9852 1434 2873 6380 7311 2431 9601 8272 4563 8971 1062 0 3748 9685 387 7153 818 534 6134 6954 1191 2895 6310 6143 4999 8302 2188 105 8612 8439 2633 7910 4774 3333 3510 1549 1767 9911 5309 3833 1657 4920 7519 2389 3027 5696 2214 7480 4493 3378 3179 3187 5914 1109 2441 4045 239 2701 773 4360
6619 5881 1494 2842 131 4845 4357 1213 7198 19 4637 8734 4576 4341 1868 9887 1736 7442 1320 3878 1046 2665 4705 1318 5830 74 3593 3070 5652 289 7543 6588 9046 4238 9054 6187 2958 9966 5086 8908 4773 8733 4246 554 6960 7940 5666 5274 7835 8847 7915 5007 0 4307 3587 2575 4294 920 7991 2636 5203 9744 8373 8450 9867 5121 8273 5391 7194 6403 4710 8378 8061 1409 3235 2424 1937 2772 528 4025 5191 9874 6268 9503 7275 7398 3664 3165 1299 9181 8364 9867 5718 140 999 2065 4476 9828 854 3704
4742 2110 5418 5581 2905 8649 5723 2094 1556 9166 4607 7993 4999 5209 6245 6088 5671 6288 8157 3893 7934 9745 4045 8766 2364 9331 4488 5017 1750 4393 4357 1862 2090 7850 3893 2823 9306 3582 1724 5587 5087 1689 6026 1275 6009 8691 6935 8445 3112 5142 2977 1127 6407 0 2031 5868 6005 9675 3343 833 9238 9731 3334 4798 7259 1084 8701 4448 541 1512 9734 6906 6800 606 2188 2471 3918 8395 4823 7094 4069 3763 9852 899 4476 3325 1745 2402 4221 9839 1529 4872 3911 1942 1803 6772 9690 7660 8339 8152
4488 8619 7580 5761 8229 8100 6070 8130 2721 1800 1216 4694 3642 7879 6267 3558 5097 8995 8422 420 2986 7085 4853 3761 8908 2932 1768 6033 617 3490 1543 515 372 8337 7429 6331 8477 1031 8096 8994 5478 3841 7772 7836 7333 8989 2905 325 329 7269 8564 1801 8264 3745 0 8398 7907 5063 6921 6307 597 7823 4994 1367 1142 2701 4448 642 6700 8224 7699 3425 763 7148 3563 6929 9827 6539 5535 2058 1197 1559 2706 6646 5572 9785 5252 1005 649 4420 206 1645 274 6798 5814 9838 7480 7519 6684 3085
1217 5110 627 8492 9861 8433 7899 4574 7405 4803 8551 7666 6229 8116 3599 4962 8117 8826 7286 6005 4787 4809 628 856 4798 9379 7821 3605 8765 3163 28 8930 4912 8156 7710 6011 7789 6547 5325 3686 1640 9077 2192 4904 3053 5381 5993 4539 4109 7459 1990 468 9735 3903 7827 0 6414 5821 3315 9672 4171 5794 6185 7245 3274 4102 1545 336 1637 7522 6754 9144 6899 1044 634 8939 7316 7107 9292 201 8830 2665 8316 8842 5961 8312 7934 8579 9180 5835 9664 551 3728 1275 5208 8541 3345 9452 5145 2418
7460 3749 5838 363 2557 3512 6984 1948 7211 2965 4680 6105 9769 3534 562 7947 4145 83 2956 3262 7730 813 5843 4831 708 2711 8875 3784 9018 7782 3399 2628 8917 8964 4277 6154 8769 8266 1979 229 5673 155 4270 7362 6454 5411 3078 8559 9738 2846 7258 2308 3602 2654 6163 9475 0 5948 8670 824 1361 7895 8018 954 1470 9732 4521 536 4766 3989 9122 5125 4021 661 4778 6466 6963 1190 9352 4976 3971 8021 1688 5296 2806 2713 6535 7499 939 7205 3233 1543 4838 6552 6484 8966 5199 9220 1210 7023
9049 4994 2193 743 1066 4830 852 1991 8932 6056 3796 793 1960 1659 9873 9639 3414 9506 7651 1912 9040 6837 4313 4912 9271 7902 6922 5682 7588 1488 7517 3710 5243 4436 4759 7797 1756 8784 9587 5897 6929 9046 6948 5245 797 5499 8511 8756 3019 906 252 9469 8310 7293 2364 2079 8357 0 450 4490 173 1836 5289 3019 2746 6711 7011 5128 3662 2805 5717 9453 7184 4242 8221 4410 492 4280 2685 7656 6525 639 8203 3155 19 5919 5136 5805 9546 6302 6543 5611 8474 83 2719 5411 4032 7483 3790 1301
4247 7192 9868 9655 8187 1432 9050 2314 6749 8605 7408 6098 8157 6155 9252 9621 1746 7255 354 9501 2992 8920 985 2178 8739 8216 9820 4720 7255 8772 2828 6977 2696 9818 5421 9348 8807 6535 5087 2435 6074 1715 4493 9232 3433 5028 9389 4764 7072 306 4184 1092 5119 6387 5014 8952 9130 3056 0 7247 2965 988 5486 5428 9691 5874 858 1398 7830 5645 5167 6329 4282 1198 3108 8311 7603 5006 1686 8103 592 625 244 7939 8504 7722 3596 3962 7748 122 5355 5890 403 5941 716 5885 2817 1397 801 648
81 3318 7499 2178 9403 2852 644 1146 1031 801 3641 9151 5297 6038 6529 4000 540 6337 9552 6765 3467 4713 3745 851 6608 2894 8022 4808 7232 6161 4097 4876 967 4273 3198 8185 6035 4969 5923 1975 8102 562 5564 4270 9274 5859 3620 5249 2627 3241 133 2786 3599 9419 6926 2249 3943 5937 8161 0 7243 1996 7132 7162 2953 5116 5677 9646 5428 8968 4605 396 6304 3203 1250 7109 5393 8041 4503 5575 4151 151 6187 1149 3965 6583 6566 6613 1969 5257 6882 5963 195 7923 7857 6321 4687 8936 5379 6254
9520 8750 3151 5044 5200 4408 3712 4714 441 3693 344 5956 9730 9347 9168 1397 5750 6065 422 9040 2919 3820 5258 8191 972 4398 3125 4881 3554 5955 3075 9687 1714 9453 5413 4837 4831 9427 6300 8473 4291 8721 8777 6509 3896 1659 1110 9575 589 4095 3890 432 2198 3170 2140 7832 2659 9063 6620 3968 0 7585 5643 2494 6000 6882 8815 3224 397 9108 5914 8042 6317 8962 4695 2840 7405 4379 2615 933 8651 1610 721 7205 2737 695 1456 7251 3439 5611 1883 8512 4899 6838 8060 5460 8607 5960 9525 7196
1595 9555 8112 1243 3110 5252 1470 6516 9573 6528 6008 4201 422 2106 7999 7743 4882 8648 4915 4065 1118 3307 5116 1664 7884 8206 6239 7397 246 8531 1481 1936 6818 5855 7912 4097 8172 9529 8861 4070 7925 6791 1154 10 2948 1961 2242 576 6329 9362 478 5997 8268 5846 7681 483 3813 561 3968 2091 391 0 8925 9004 7621 8324 3702 9704 2053 8053 6178 5678 1651 7342 5846 9772 8150 3709 7626 6651 9621 2799 8155 8742 7797 5697 9199 2748 5611 1672 2861 6086 4554 1993 9899 7888 1526 7387 4664 8694
7048 2913 4141 1228 1195 1568 1277 8899 9681 8186 7198 5710 3570 9458 2496 3717 8920 7862 7683 1040 9033 5742 5605 2745 9709 1503 5651 2447 8200 8106 7583 4429 3667 2817 5906 7341 4631 8765 394 5638 4851 3665 5104 7914 8887 8030 4337 372 1687 3727 6368 384 2680 6767 7991 451 8126 4711 4651 8 5384 1183 0 2805 4556 7214 2139 9384 659 1069 7401 9862 6816 8648 7745 453 3532 1404 6522 6965 5713 489 9548 3006 6621 4858 6225 1452 3517 8400 5964 4068 7362 2605 4770 6753 5295 337 8727 3329
1443 7727 3394 5820 3634 5551 2531 4777 9888 3618 777 6807 7029 1482 7725 6802 3496 2389 6444 9463 5219 4348 217 4155 8997 6200 5050 5868 86 2084 8517 1963 5049 2206 5251 2202 4704 5963 768 5441 4959 7333 5850 8626 9498 1117 8630 4647 6222 4783 3298 8019 9526 4683 8984 7292 3482 4789 3970 8893 8059 7521 2321 0 7259 1741 96 692 2778 3825 332 6858 2690 9250 8923 4390 563 7820 8988 9300 1604 4149 7461 6835 3085 5379 9687 6249 2611 8615 4411 902 435 4327 7 1206 2859 2877 7725 8245
8021 1576 2345 2736 8354 1198 2455 9608 375 4926 5704 5705 2612 1828 6578 8672 3094 8196 329 842 505 8909 8621 2291 9931 7835 4767 6448 161 5462 8022 7766 4898 2326 1744 4635 9509 334 1344 6007 4226 7336 7030 7805 835 1188 6348 2407 3430 2496 2550 4549 750 8095 738 365 569 3260 4970 3184 6402 2166 4603 2301 0 40 8822 8210 997 5465 7969 7941 3733 5869 5668 5539 2187 2738 8179 5157 594 6037 9188 4351 238 5448 2126 621 5866 3160 8050 3907 9215 3264 3730 1705 486 294 4680 1334
1943 7743 764 333 47 2267 5645 4155 8484 1946 5049 8865 421 334 2942 5200 7572 2060 8728 8426 7890 1778 3273 9432 4394 5703 6688 4537 2720 7416 428 1416 1854 4171 7701 4688 1128 7136 559 2664 6223 7847 9346 9628 8555 8391 3343 1176 5180 6883 7428 8872 26 1072 749 4506 8168 7869 1338 8954 2174 9131 2264 676 466 0 7650 5777 4790 5640 7508 4048 5623 8125 8716 5931 7707 3060 5048 7753 4912 8951 4790 4733 7741 8040 115 6523 2471 594 693 9271 3499 9649 456 8116 1572 646 5446 6227
6685 3498 6314 2856 9673 3094 7060 3879 1697 834 83 699 6123 4049 2671 2587 4447 7528 6884 3320 8593 9490 1281 6360 2212 1879 9979 4861 298 5438 436 9000 6670 9074 9811 2490 9274 2064 6984 9162 2854 6128 3264 4628 3550 9346 3974 3628 2910 4267 1801 9850 8861 7120 4106 5591 9341 9906 5951 3872 6358 4346 311 4321 3883 2043 0 9508 938 9235 882 6067 2848 6540 6155 1767 4049 7004 1828 9535 7943 3439 8352 2204 7436 5694 3400 5676 8760 2594 3740 8453 142 9706 1105 9574 92 2226 3536 2064
6742 5639 8099 9137 8302 2607 5613 80 3947 2670 2366 684 2423 3676 1892 6586 2951 9832 1745 5713 6764 591 4071 469 4575 8094 5820 5163 6945 7158 6802 5456 9381 5 721 2443 5259 4722 998 1661 3859 9938 128 3408 1849 820 8833 6010 6988 8957 5268 461 662 5905 8501 6276 459 5327 1547 1251 386 4867 9365 6458 673 7285 6644 0 475 5528 9352 6411 8864 3097 2387 7355 3450 6165 2172 254 5710 6192 9548 3523 2635 1021 8261 8846 7651 5557 859 9844 8488 7379 753 8447 2276 9127 7818 2290
3780 4442 9181 7181 4578 6469 3757 3662 5508 7545 9628 8773 4926 3242 8736 7783 3937 3033 2542 4990 9307 7279 189 3250 3307 4855 1888 2895 9596 1303 8739 5113 6566 1448 7594 3660 8991 408 7459 6732 6057 4134 9975 4840 4870 8144 6489 9675 550 7994 3370 7135 5346 8550 3356 2049 8478 6588 1589 8806 5281 4466 5996 8037 8018 3082 9401 7268 0 3247 3345 2781 8931 3825 4783 8432 1967 3027 6048 6044 4288 9808 2263 7662 3010 4396 9632 6784 3237 7352 8260 2783 3177 1083 4488 1045 8123 8656 7276 1162
828 197 3104 4110 5330 1084 6847 7423 1592 3588 7634 6041 8940 4473 6714 7570 4602 265 6426 6355 9725 2832 1744 8953 5679 56 6570 8026 1005 8202 1592 2886 2276 7349 2027 2779 8592 311 8626 2521 8065 4190 304 8376 9734 739 6234 3623 9237 4224 4032 9697 2170 437 3293 7486 5356 4021 6749 7451 9451 5576 1595 2190 2707 160 7390 3488 2187 0 8138 4612 4922 2348 4066 2109 4832 2421 5330 4975 8432 6581 2444 3057 3402 6331 7943 1018 851 6755 8448 2569 4417 9981 1390 1564 7386 3031 9226 1475
3804 5507 7394 3683 9976 7399 928 2368 5879 2329 3252 7497 5210 5845 3213 2717 8980 6317 1266 8452 6763 6530 5819 3162 5656 7034 6512 3918 5498 565 1627 3090 6122 5686 187 9196 1149 6840 142 9597 6265 8354 6601 2950 7245 8080 4924 3383 8259 4413 3112 96 5461 3502 7138 9029 487 147 2461 9830 775 9036 3988 2065 9213 819 1682 9152 145 5854 0 7225 7781 1357 5800 5168 2047 5306 6843 3856 403 7993 2154 9159 4415 7111 5893 2031 1088 3315 3133 9875 9432 4646 2539 909 6444 1324 4564 2455
4739 3792 3320 7330 8737 811 2252 7176 8653 7605 5503 2612 7314 5453 9266 7480 3072 1309 8612 5771 9732 3040 1639 5351 8568 9468 866 604 3916 7763 4558 5954 4131 525 3370 7851 1844 3347 6544 1480 1691 645 16 1239 4030 7380 1337 9422 3106 2741 1609 8545 4525 4249 7207 1814 7881 2306 3773 6252 1201 2479 6717 4558 9631 9103 5627 9730 6179 3524 378 0 7349 6715 1960 4352 6187 4371 5099 9931 771 8279 84 7159 9207 681 6556 9373 6486 2729 9148 3292 5329 2413 19 3392 3182 3321 7765 2759
5646 5563 5926 982 3025 1583 209 5247 1675 5898 8292 1285 161 2717 3762 1826 7296 5205 8505 1068 1272 8152 6285 4259 3245 1176 2165 161 5893 3752 5680 7821 5991 4334 7818 5507 7799 4196 1004 9185 1510 2540 2934 806 3038 8621 2824 8035 5476 6511 2819 6430 1016 5720 2661 7765 8346 8620 160 7641 654 1058 4153 7929 5512 9366 190 141 7295 5905 5522 8756 0 9223 8848 2393 6376 7928 9128 6174 1145 1767 1637 8304 2410 6691 9462 7225 361 6033 2166 5882 2969 8133 1592 4900 4370 1181 9789 5129
3761 7976 6689 6877 1734 328 7265 4858 2806 5761 3481 4546 4639 8944 2731 1408 5209 7434 4975 4210 8576 5482 5487 8706 6183 7496 2207 9335 3991 4186 8482 8753 3614 7424 463 8899 3499 5834 5359 4978 1158 8615 5877 8096 4987 5631 3435 5433 146 5385 4449 6571 2921 2889 8443 7804 23 6864 7709 8991 2643 7693 3836 6478 7198 8209 555 6243 9686 3244 6259 8821 651 0 4801 5714 2829 429 7791 5315 1861 667 3294 7263 338 7844 9698 4385 5732 1563 5374 9520 9506 3531 8447 6618 1671 6530 4936 3287
5383 3176 6331 8642 8185 638 3435 1683 2541 2684 5672 4972 2781 4278 1401 9738 2508 9026 2409 6409 9521 5254 258 371 6193 4652 5036 8735 8427 3656 8205 8419 5270 6395 729 6910 3541 8553 6364 1269 1113 269 6857 5676 2692 8452 5964 7874 1398 7202 1076 9708 6739 3606 2281 1774 2558 2355 5972 9982 1464 7788 354 8237 9970 2453 3951 2658 1969 6858 4948 2139 2686 3819 0 6388 2756 3478 1451 1396 8532 9403 8410 5836 2142 7368 6055 8394 4330 7063 1534 2270 3272 1576 3683 5579 6427 7277 1868 1832
8851 3696 3181 7867 190 4291 7814 7412 9641 8680 6147 3364 3616 4263 7641 1518 723 7954 128 8221 4079 2390 124 7150 4650 6660 6447 6054 1591 6625 5998 2636 1526 5334 3564 4322 8945 6464 5831 3068 2025 1886 4537 899 4260 600 1673 5608 1164 1050 749 8910 8472 8245 2049 8575 5230 9165 1136 8881 2777 1640 7895 4377 3727 3816 2593 8509 976 2415 9338 620 6187 7650 3480 0 2526 2620 3438 8440 3163 3672 5349 5526 6864 8061 5080 9913 7605 3819 3039 5027 3378 3087 5737 5789 111 8358 3901 4527
7671 4503 1337 6145 2471 3058 7070 3859 6276 6794 2902 3548 6099 3572 6472 6123 5156 5598 4810 7152 3021 8829 1264 4730 7190 7832 7189 2475 3621 8032 7406 6898 5953 8783 8035 5319 9492 783 5299 6174 9406 3441 3683 8043 6034 4511 2090 4766 3823 6784 1124 5435 5283 8626 6468 3263 3112 5849 9369 9451 1448 4541 5633 2895 4235 4191 6461 1595 827 9463 4312 7632 5268 9464 6277 727 0 4657 7565 5071 7435 4996 7422 8552 6338 2691 9900 7651 2478 7116 638 3553 4035 7909 8059 9284 3981 4691 8435 6263
3613 2915 9995 6202 4039 7696 1130 4387 8238 5052 5936 9825 458 2352 9619 3131 3811 7721 3524 875 2072 9964 7622 9759 7576 9778 3573 1107 6236 2524 5387 7459 2239 2033 7821 5095 1814 3441 6002 1804 5148 5391 8957 1141 8319 7569 8809 9390 2125 9829 1368 1947 2620 8340 2301 7179 9397 162 6545 7639 159 9950 5578 6580 9513 8425 4142 2688 3751 3521 3567 6123 9088 2615 9708 8701 9965 0 4064 9732 6098 4642 9897 4711 1503 3129 3441 1913 4524 957 7806 5713 9209 5284 4635 5672 7836 2116 742 4792
8797 5964 6139 2821 7544 4013 8155 3500 6202 5476 6912 1462 6301 4118 3654 4189 1041 955 1109 5257 9596 1288 5019 3870 7504 2689 2637 9812 9385 4128 8842 8716 4692 5249 6799 1423 7257 7878 9450 1052 4549 3296 4507 4847 1914 6240 659 7898 757 8653 4142 5479 4527 4075 8034 2563 3788 9045 3009 6132 1737 1234 4874 86 7751 6824 1717 2516 5812 9826 1376 2214 1962 4141 4499 7927 386 7765 0 2297 3224 4130 8736 1590 1345 1936 4971 2188 2102 5616 8531 9347 6181 4383 7431 9005 6578 3006 9389 2839
1061 3092 5844 7667 8677 9399 671 5282 6090 5258 2300 8852 6467 1751 6144 4499 6656 6756 7053 2622 1499 4601 1556 1771 1373 6567 1893 3216 3520 4897 9524 3415 5464 8789 5463 5089 8576 9093 3429 3318 4066 825 8092 1559 9632 2147 9303 5137 3682 6387 1607 5423 9952 5509 7193 8923 9224 4377 6215 4089 2880 2754 9038 6961 8229 2146 4389 1879 726 1269 3547 1221 9417 1175 7009 2205 6400 5497 8361 0 9849 5698 3694 7326 9797 2328 7574 4179 9027 2970 5932 4300 2161 3575 5696 9425 7956 9118 518 5704
7408 5542 4378 8498 9397 679 4695 4503 6348 7018 4848 9986 5303 9061 8448 1988 3023 7789 4001 5874 567 2287 923 428 8018 2947 4232 9693 5476 2280 9619 1410 6677 5530 191 1055 9705 6670 9142 6673 7157 8212 8332 9468 5154 4309 4280 7096 8252 5612 1084 8541 9960 3566 9569 6244 6052 5646 3830 6392 4669 836 2484 1746 10000 8925 2095 2829 5696 3237 5511 462 3113 3734 4388 3982 6164 9136 9263 9732 0 6233 1403 9652 7293 70 4822 5526 374 8821 8542 2970 3891 4371 8332 3737 2392 9347 2779 246
5318 6399 3232 3727 7490 350 9942 6420 3883 5152 5880 1004 3717 4060 1847 6829 1590 7671 8081 2557 9407 2525 9424 4808 9911 831 3809 6375 6714 2828 1224 8270 4027 4998 5072 4971 5846 9435 4075 1347 7278 4134 931 7521 60 568 2735 9282 344 9053 3758 6501 2612 1087 7097 1167 7648 7419 7335 4871 1 4555 2979 2305 1157 7932 9442 6171 3050 1335 6337 7879 2705 982 6120 3248 1422 2055 7119 5736 7480 0 1506 7098 2898 1870 6828 7116 9200 1321 8925 2663 5584 9082 7149 7547 1849 8257 8141 8231
6293 1250 3713 7706 4641 2138 1128 1936 5960 2005 8738 8942 1109 3479 6145 9676 5301 7262 9240 6599 6215 4847 2066 2513 22 5610 1402 5187 848 3286 6860 237 8340 5115 436 7232 3082 5788 1182 2804 9605 3922 6474 2091 4844 1059 8563 261 5347 3485 4070 1817 3604 521 1763 1112 1632 6604 4229 3914 1580 2570 5062 7259 4975 7505 3219 5674 4399 1908 2196 6458 6545 6948 2533 5447 2283 1278 8230 8627 7636 7049 0 5533 5943 9003 3857 7174 6600 6327 1703 5108 4363 6801 199 3549 8102 8640 3121 7444
8087 3114 7586 6017 2930 3671 5122 3641 6699 9224 6534 7391 9015 7138 6244 8738 2408 7490 2835 1992 440 6957 134 5647 1280 6393 1388 8193 8204 2143 2628 9079 5998 3695 5069 2034 1229 309 1052 5354 4629 9131 8524 7745 2279 6192 5478 7005 5775 46 4224 3875 2689 1670 1606 7021 676 2253 5417 2114 8615 8727 899 411 5751 2103 8051 2205 5322 8448 7607 8612 7236 4705 9425 9529 7443 8087 4241 6478 3466 6729 2916 0 7292 9931 1272 3272 5382 9779 2186 2867 6711 1672 270 8662 6576 2106 4612 782
908 7505 8237 1618 9461 8182 7820 6336 7894 4823 9611 6579 7729 7712 8128 485 4503 8065 7871 1451 3084 3444 7515 8146 8590 7469 242 9602 5781 7444 2625 3038 2682 413 8766 1302 3231 5939 8727 9709 1695 3253 8596 9759 6912 7832 5672 6021 5468 2717 1287 1681 2605 313 7470 5319 1551 5879 21 3269 8366 938 5361 8842 2757 6162 2770 9326 7308 7464 3455 3294 7850 2053 4597 9926 357 5021 5740 9699 2117 6875 410 5942 0 4657 2696 6932 1421 9482 1667 6318 2472 6578 3289 3923 5356 1994 9126 260
6073 3040 3617 8029 9109 886 3177 8988 1911 6226 7125 7842 2494 3450 4342 6389 6389 4377 6179 6721 3541 5722 5436 5042 523 6176 2638 3812 5257 8522 1444 2264 1547 4239 8025 3839 5543 6018 7895 9652 8155 7473 7283 8368 718 6730 2770 2011 8413 8738 3620 1769 7536 6573 9205 5941 8229 6186 3231 558 3346 4765 470 8106 1248 3773 7942 9747 8247 8848 1188 7236 1615 3374 4646 6996 5730 8667 6521 9047 9160 3234 6242 8392 7982 0 465 7006 2864 5024 9110 186 1310 516 445 5325 1009 7912 9745 6501
1654 9174 3187 3809 7092 2029 7069 301 7239 1500 6224 7755 1224 7156 8386 4200 9551 462 8708 9581 6437 9149 9125 2345 872 7408 6269 93 5070 5484 5593 6691 8129 2084 9063 1344 9377 3666 9355 8746 6825 8806 9074 6334 5253 9582 8310 1205 3662 5534 3707 9038 6848 8404 6704 5303 4789 3575 7750 9716 3220 8933 902 5493 1504 970 9126 3188 7490 457 7409 7508 2436 5619 7443 2890 6601 5953 5265 6891 5065 6339 6918 1729 284 3528 0 9484 2697 4895 4212 2519 3387 8757 2759 8499 8160 8312 809 5334
3310 6953 8509 7008 8795 6121 4525 9259 1771 9707 231 2608 8939 6644 2667 3793 2908 9269 191 6658 5012 944 6651 4962 6308 7998 9788 2320 6988 2027 9153 4290 5237 9105 8340 5610 5453 3431 6045 3382 3923 294 6677 6468 2866 2763 7218 6652 1917 7438 6575 431 338 3769 3350 3896 9219 4293 381 6024 4206 9632 680 8029 4836 2663 2404 1529 4355 3329 1551 9687 7948 8572 3996 7868 9239 9067 3302 8737 8536 3445 8561 2017 2888 3239 2940 0 1962 789 9920 2044 7849 359 8906 5624 9598 6642 8371 5492
2957 3362 3107 5442 293 7269 9290 9263 833 6552 2178 1924 3971 7478 3126 7401 2147 1230 4005 3699 1050 3392 8394 7543 8227 7718 1384 3970 3001 785 4300 5245 7253 6461 7829 9433 5317 4093 4341 26 2790 4164 7165 4064 6696 4291 9636 1572 4880 5593 529 1702 2662 2206 6436 5578 6193 4846 6326 9573 3927 5285 8995 8310 5981 9931 9521 8440 5808 6984 2745 9145 3462 4299 6390 5675 9976 7845 439 8921 203 3641 7780 3503 9801 6624 7886 1629 0 1207 195 9747 7531 9886 4576 1046 8614 6092 9118 5619
2329 5157 7432 4697 1782 7763 1810 1323 3506 7979 451 5364 7204 3818 2210 9124 9016 9851 2866 5730 3586 7812 834 3983 2366 2767 3683 7254 1698 8475 506 5717 8859 8241 6537 2560 3564 353 121 8249 9651 5325 5271 4428 3796 9460 2672 7243 2739 5781 9547 5434 4683 2864 1683 27 7557 3815 6694 2878 2955 9616 9689 6256 4191 34 829 3292 6684 8678 2712 1977 7003 7680 3203 5565 8918 4134 1578 4097 5809 6366 9710 6820 3515 7188 2270 7539 3285 0 3049 3580 5304 78 901 4463 68 5123 3183 1884
8145 9450 3522 1933 4101 3159 6458 6572 6757 1870 3138 768 1285 3322 5772 1746 1003 7468 7643 5251 1319 3647 1220 6370 1502 3209 2472 8184 9000 1411 4461 8624 4003 4357 534 1349 5264 2490 3738 5322 6540 8888 4255 1892 5896 5203 359 5251 5995 890 5167 1348 8199 486 3498 4125 9288 4394 5978 5676 2745 3681 1535 7532 7196 5868 2992 7942 6768 5596 1708 272 1798 8513 5116 2379 1097 4232 8583 1773 4096 9191 5054 7787 4622 9921 1736 3664 7699 5582 0 9769 2958 5523 3906 2482 4688 2687 5554 68
5124 9575 9170 8761 1684 7664 991 3098 4150 2810 3730 2313 929 6397 598 6624 4871 8387 9345 8131 9469 8308 6020 5965 6667 9925 6945 5474 3637 1983 2543 4894 2130 4498 5377 9369 2123 5180 4627 5584 9833 4755 2311 1718 2612 4373 8781 9441 699 5214 2366 7830 2086 7066 2092 7753 9765 990 3052 8794 5703 8837 8020 4727 9816 2795 7545 7849 8685 5489 3148 2038 1830 5373 5808 2588 6432 2734 8518 9344 1321 8259 5828 688 6803 4931 7300 1488 6825 140 6051 0 5512 8849 7335 5817 2510 70 2193 7757
3629 2690 6522 7668 9139 8529 5651 4194 8623 9894 903 6324 1449 7845 5860 8528 3305 4385 9703 787 1847 3395 4288 3886 7920 4664 7371 1809 1467 3312 1014 2890 2821 1382 6371 2158 1601 6194 8978 1250 4794 7398 6136 9106 5809 1878 5406 7108 2495 1360 3949 6481 5985 4378 2200 3973 8410 4436 3728 6745 8380 5565 5481 9314 8025 5868 6892 9831 6870 8883 1235 5428 8779 7810 1748 1790 4027 6081 1314 631 6639 5444 575 4411 650 7300 4095 5733 3402 8243 2494 3694 0 2770 8974 8012 9331 3443 8296 1999
1775 3886 4756 3156 4594 5814 4072 6265 4198 7961 309 8983 7277 4422 1761 8593 6060 9562 3163 3748 2909 5472 1029 5732 9544 6737 1867 9918 7200 189 2818 8001 3798 5393 2277 5336 1156 1232 2731 9229 1424 8916 5666 9306 147 9821 2181 3066 1388 4212 3106 3004 2532 4864 1044 2012 4101 2520 982 9356 7934 3037 5898 3137 8958 3392 8964 9948 9282 194 8124 4285 9611 4963 4828 9069 1617 6493 864 8424 9532 5319 6007 4313 5739 9743 4801 3141 4649 5452 5774 1150 7843 0 5596 2084 9352 1228 3435 9393
64 9204 6314 868 4456 977 5975 4671 2938 1102 9323 2338 9811 5245 5510 2757 9733 8156 7438 8428 8874 356 6720 9806 3667 3734 4736 7785 7720 506 1779 6500 9927 9378 3157 6835 7415 6127 8120 6007 4168 8431 7763 9168 2489 5802 6538 3906 8673 7568 7532 4024 2575 42 3764 2848 4439 3736 9394 2616 9968 6531 4464 9959 3968 2726 8161 2631 2585 9858 2482 6399 6434 6293 2184 8772 9286 5443 3391 9501 239 4670 5908 9244 7880 5056 7753 871 4322 8687 8097 1225 6716 8728 0 7921 3531 7790 3643 5033
3417 3947 9662 8994 2068 7612 7765 6246 987 4754 7718 466 4472 7232 5988 2535 5375 7267 9669 1707 3476 3647 4030 5146 1698 1603 653 9913 1092 5704 6326 9282 5088 5746 655 300 5968 3824 5579 3400 3829 9622 7245 8129 8395 8200 9214 9008 1327 3904 6253 932 8290 5922 2701 7570 9109 7225 9935 6939 4095 4935 676 9304 6635 1594 4951 6231 9747 7901 4140 8774 2498 7514 5878 8666 6317 240 6316 2247 8426 6477 8918 7345 5739 4083 9140 2241 7031 1979 5124 4276 8333 3755 9828 0 8977 2701 8271 4098
4039 9306 3592 2993 6331 8093 8847 9257 7589 1970 887 5888 5898 6727 8665 9833 82 3891 9195 8292 8854 2887 642 6433 7643 9185 963 3732 4950 3151 4089 8368 5815 5661 5663 4545 7958 3394 5280 4006 7293 1941 1777 87 4886 2524 5416 8256 4524 7458 5097 9996 4061 6369 1266 9369 452 5611 9608 9306 6999 919 4479 1513 3326 9049 3633 8385 5841 7398 7025 1861 9028 8126 2923 1383 1223 3673 9237 5585 1150 6460 919 6545 9811 5261 8623 2401 4360 6181 6026 8952 7492 2075 3737 1748 0 8761 8287 7802
3258 3600 732 4751 371 7726 7797 3039 7123 4100 445 118 54 8345 9526 6592 6347 6949 2311 533 8929 1320 4660 499 2995 9599 8001 9850 9279 3480 6797 702 1457 6672 526 1377 3356 2507 2756 4463 4292 5278 8756 7325 4390 8098 9525 6852 2095 7737 9453 20 820 965 2861 2422 361 6254 7341 5534 4025 2811 7144 3513 8218 540 3931 6512 5090 1662 5257 6406 9397 8141 3557 8803 6262 6158 1211 2913 3535 7081 3161 7446 5680 5866 3357 1543 1825 3737 6555 2399 7692 5553 8286 8179 4876 0 8561 1791
1382 7516 4672 1165 3838 8594 5611 4870 6434 3871 356 1325 2643 9647 2995 1048 3559 8948 7641 3468 8300 4754 7708 4115 9479 5609 2591 4023 9150 5648 5367 2731 4197 369 3145 4969 9778 4216 5188 6853 9923 2542 3754 3063 269 9343 4235 4797 746 4586 7442 7973 3282 720 2523 2651 5855 7910 6518 6483 818 2130 9463 7073 150 4228 1681 1763 447 6319 3853 7189 8775 9668 310 8389 8477 1785 5877 2265 444 6021 526 6660 6825 4424 9744 1801 4877 6683 9079 5247 153 1364 5612 1906 2608 1642 0 9688
1165 3437 5229 2988 2628 600 2763 4564 9712 8266 1575 2293 3288 7580 5981 948 9277 6010 7130 1222 5100 1125 4977 7942 3056 9842 5118 7605 6311 8763 9909 9346 3823 4379 9915 9275 7632 6147 3408 339 8807 2553 3183 516 8299 6699 2918 9146 501 4987 4868 5207 936 9455 9460 8965 5758 388 7254 20 811 4984 2995 813 16 3715 8673 9203 3973 104 7835 2669 2108 7744 2260 2484 2717 312 5800 4253 6440 7619 6477 2528 5189 4857 2072 3284 23 3292 5440 2155 46 765 4927 5973 2268 1539 4943 0
